10
10030
1005
10050
10090
1010
10110
10130
10150
10170
10190
10210
10250
10290
10310
10350
10370
10390
10410
10430
1045
10470
10490
105
1050
10510
10530
10550
10570
10590
10610
10630
1065
10670
10690
1070
10710
10770
10810
10830
10850
10870
1090
10910
10950
10970
10990
110
11010
1105
11050
11070
11090
1110
11110
11130
11150
11170
11190
11210
11230
1125
11250
11270
1130
11310
11330
11350
11370
11390
1145
11450
11470
11490
11510
11530
11550
11590
11610
11630
1165
11650
11670
1170
11710
11730
11770
11790
11810
11830
1185
11850
11890
11910
11990
12010
12030
1205
12050
12070
1210
12110
12130
12150
12170
12190
12210
12290
1230
12310
12330
12370
12390
1245
12450
12470
125
1250
12510
12550
12570
12590
12630
1265
12670
12690
1270
12730
12770
12810
12830
1285
12850
12870
12890
1290
12910
12930
12950
12970
12990
130
13010
13030
1305
13050
13070
13090
1310
13110
13150
13170
13190
13210
13230
1325
13250
13290
1330
13310
13330
13390
13410
13450
13470
1350
13510
13530
13550
13570
13590
13610
13630
1365
13650
1370
13710
13730
13770
13810
13830
13850
13890
1390
13930
13950
13970
13990
14030
1405
14050
14070
14090
1410
14150
14170
14190
14210
14230
1425
14250
14270
14290
1430
14310
14330
14350
14390
14410
14430
1445
14470
14490
145
1450
14530
14550
14570
14590
14630
14650
14670
14690
1470
14710
14730
14750
14770
14790
14810
14830
1485
14850
14870
14890
1490
14930
14950
14970
14990
150
15010
15030
1505
15050
15070
15090
1510
15130
15170
15190
15210
15230
1525
15250
15270
15290
1530
15310
15330
15350
15390
15410
15430
15450
15470
15490
1550
15510
15570
15590
15610
1565
15650
15670
1570
15730
15750
15810
15830
15870
15890
1590
15910
15950
15990
16010
16030
1605
16050
16070
16090
1610
16110
16130
16150
16170
16190
1625
16250
16270
16290
16330
16350
16390
1645
16450
16470
16490
165
16510
16530
16550
16570
16610
16630
1665
16650
16670
16690
1670
16730
16770
16830
1685
16870
16890
1690
16930
16950
16970
16990
170
17030
1705
17050
17070
17090
17110
17130
17150
17170
17230
1725
17250
17270
17290
1730
17310
17330
17350
17370
17390
17410
17450
17470
17490
1750
17510
17530
17550
17570
17610
17630
1765
17650
17670
17690
1770
1790
1810
1825
1830
1845
185
1850
1865
1870
1885
1890
190
1905
1910
1925
1930
1945
1990
2010
2025
2030
205
2065
2090
210
2105
2110
2125
2130
2145
2150
2165
2185
2205
2230
2245
2250
2265
2270
2285
230
2305
2325
2330
2345
2365
2370
2385
2390
2410
2425
245
2450
2465
25
250
2505
2510
2525
2530
2545
2550
2565
2585
2590
2605
2610
2630
2645
2650
2665
2690
270
2705
2710
2725
2730
2745
2750
2765
2770
2790
2805
2810
2825
2830
2845
2850
2865
2885
2890
290
2910
2925
2950
2965
2970
2985
2990
30
3005
3010
3025
3030
3045
305
3050
3065
3070
3085
3090
310
3105
3110
3125
3130
3145
3150
3165
3170
3185
3190
3210
3245
325
3250
3265
3270
3285
3290
330
3305
3325
3330
3350
3370
3385
3390
3405
3410
3425
3445
345
3450
3465
3470
3485
3490
3505
3510
3525
3530
3545
3550
3565
3570
3585
3590
3610
3625
3630
3645
365
3650
3670
3685
3690
370
3705
3710
3725
3750
3765
3770
3785
3790
3805
3810
3825
3830
3845
385
3850
3870
3885
3890
390
3905
3910
3925
3945
3950
3965
3970
3985
3990
4005
4010
4030
405
4065
4070
4085
4090
4105
4110
4130
4145
4150
4165
4170
4185
4205
4210
4225
4230
4245
425
4250
4265
4270
4285
4290
430
4310
4325
4330
4345
4365
4370
4385
4390
4405
4425
4430
4445
445
4450
4465
4470
4485
45
450
4505
4510
4530
4545
4550
4570
4585
4590
4610
4625
4630
4645
465
4670
4685
4690
470
4705
4710
4730
4745
4765
4770
4785
4790
4805
4825
4830
4845
4850
4865
4870
4885
4890
490
4910
4925
4930
4945
4950
4965
4985
4990
5005
5010
5025
5030
5045
505
5050
5065
5070
5090
510
5110
5130
5150
5190
5210
5230
525
5250
5270
5310
5330
5350
5370
5390
5410
5430
545
5450
5470
5510
5550
5570
5590
5610
5630
565
5650
5670
5690
570
5710
5730
5750
5790
5810
585
5850
5870
5890
590
5910
5930
5950
5970
6010
6030
605
6050
610
6110
6130
6150
6210
6270
6290
630
6310
6330
6350
6370
6410
6430
645
6450
6470
6490
65
650
6510
6530
6550
6570
6590
6610
6630
665
6650
6670
6690
670
6790
6810
685
6850
6870
6890
6910
6930
6950
6970
6990
7010
705
7050
7070
710
7110
7130
7170
7190
7210
7230
725
7250
7270
730
7310
7330
7350
7390
7410
7430
745
7450
7470
7490
750
7510
7530
7550
7570
7590
7610
765
7650
7670
7690
770
7730
7750
7810
7830
785
7850
7870
7890
790
7910
7950
7970
7990
8010
8050
8070
8090
810
8110
8130
8150
8170
8190
8210
8230
825
8250
8270
830
8310
8330
8350
8370
8390
8410
8430
845
8450
8470
8490
85
8510
8530
8550
8590
8610
8650
8670
870
8710
8730
8750
8790
8830
885
8850
8890
890
8910
8930
8950
8970
8990
90
9010
9030
905
9050
9070
9090
910
9110
9130
9150
9170
9190
9210
925
9270
9290
930
9310
9330
9350
9370
9390
9410
9430
9450
9470
9490
950
9510
9530
9550
9570
9590
9610
9630
965
9650
9670
9690
970
9710
9750
9770
9790
9850
9870
990
9910
9970
9990
